0	-28,9168
1	-27,1449
2	-22,5921
3	-15,2397
4	-5,62759
5	5,80055
6	18,3817
7	31,4736
8	44,3489
9	56,3259
10	66,9745
11	75,8848
12	82,413
13	86,5458
14	88,103
15	87,3859
16	84,9468
17	81,2212
18	76,6631
19	71,5962
20	66,3515
21	61,0869
22	55,9576
23	50,956
24	46,4691
25	42,8676
26	40,4109
27	39,2937
28	39,7502
29	41,8628
30	45,8761
31	51,5248
32	58,3931
33	66,1627
34	74,1811
35	81,9771
36	88,949
37	94,7177
38	99,164
39	102,136
40	103,483
41	103,372
42	101,755
43	98,8328
44	94,5913
45	89,3519
46	83,3602
47	77,1067
48	70,9443
49	65,1985
50	60,0139
51	55,5552
52	51,5978
53	48,2816
54	45,4196
55	42,8534
56	40,5915
57	38,6672
58	37,1029
59	35,671
60	34,4574
61	33,3243
62	32,0965
63	30,7441
64	29,2263
65	27,3237
66	24,8894
67	21,7691
68	18,0258
69	13,583
70	8,49198
71	3,22324
72	-1,93548
73	-6,39884
74	-9,89681
75	-12,1982
76	-13,6095
77	-14,1478
78	-14,1084
79	-13,5719
80	-12,4894
81	-10,7887
82	-8,20783
83	-4,70986
84	-0,427687
85	4,86222
86	10,761
87	17,4522
88	24,7217
89	32,4666
90	40,4179
91	47,8586
92	54,6481
93	60,138
94	63,6554
95	64,8208
96	63,266
97	59,0461
98	52,1731
99	43,0952
100	32,2277
101	20,9026
102	10,0133
103	0,680064
104	-6,02998
105	-9,29911
106	-8,94672
107	-4,97106
108	2,26551
109	12,0811
110	24,2958
111	38,0524
112	52,8556
113	68,2423
114	83,4061
115	97,9186
116	111,566
117	123,929
118	134,846
119	143,969
120	151,131
121	156,092
122	158,739
123	158,846
124	156,647
125	152,331
126	146,354
127	138,969
128	130,537
129	121,182
130	111,36
131	101,495
132	92,3952
133	84,778
134	78,9827
135	75,26
136	73,6446
137	73,9964
138	75,8548
139	78,7027
140	82,2419
141	85,5622
142	88,3671
143	90,2079
144	90,5832
145	89,7314
146	87,4835
147	84,0897
148	79,6704
149	74,7688
150	69,4989
151	64,3008
152	59,4627
153	55,4035
154	52,349
155	50,6177
156	50,2512
157	51,1007
158	52,9868
159	55,9894
160	59,6503
161	63,7454
162	67,9976
163	72,2297
164	76,1642
165	79,7199
166	82,7878
167	85,478
168	87,7694
169	89,5472
170	90,8268
171	91,5345
172	91,4257
173	90,5273
174	88,8166
175	86,3446
176	83,6461
177	80,6876
178	77,9903
179	75,5912
180	73,6005
181	72,1362
182	71,2373
183	70,6743
184	70,4784
185	70,306
186	70,2384
187	70,0372
188	69,8889
189	69,7177
190	69,5107
191	69,3318
192	69,1771
193	68,9
194	68,3129
195	67,2993
196	65,8774
197	64,0496
198	62,0511
199	60,0362
200	58,1096
201	56,4777
202	55,4511
203	55,0199
204	55,6294
205	57,2183
206	59,8662
207	63,6536
208	68,3864
209	73,7922
210	79,7252
211	85,7457
212	91,608
213	97,2109
214	102,439
215	107,54
216	112,801
217	118,52
218	125,134
219	133,263
220	143,324
221	155,988
222	171,523
223	190,124
224	211,726
225	235,928
226	262,205
227	290,01
228	318,773
229	347,659
230	375,662
231	401,667
232	424,522
233	442,879
234	455,797
235	462,402
236	462,359
237	455,188
238	441,149
239	420,643
240	394,205
241	362,634
242	326,84
243	287,928
244	246,801
245	204,48
246	161,998
247	120,427
248	80,7882
249	43,9406
250	10,6539
251	-18,7006
252	-43,7271
253	-64,5961
254	-81,3135
255	-94,2877
256	-103,724
257	-110,066
258	-113,747
259	-115,12
260	-114,637
261	-112,702
262	-109,754
263	-106,435
264	-103,191
265	-100,541
266	-98,7493
267	-98,0228
268	-98,3781
269	-99,2246
270	-100,634
271	-102,323
272	-104,14
273	-106,139
274	-108,101
275	-110,252
276	-112,377
277	-114,68
278	-117,142
279	-119,869
280	-122,972
281	-126,294
282	-129,843
283	-133,518
284	-136,756
285	-139,601
286	-141,846
287	-143,357
288	-144,004
289	-143,674
290	-142,169
291	-139,651
292	-136,31
293	-132,317
294	-127,891
295	-123,216
296	-118,488
297	-113,79
298	-109,357
299	-105,333
300	-101,681
301	-98,3981
302	-95,679
303	-93,2523
304	-91,3733
305	-89,7584
306	-88,4495
307	-87,4206
308	-86,4511
309	-85,2963
310	-84,085
311	-82,6978
312	-80,9623
313	-79,1386
314	-77,1384
315	-75,1188
316	-73,1304
317	-71,3702
318	-69,8407
319	-68,6971
320	-67,6358
321	-66,8339
322	-66,2474
323	-65,8485
324	-65,688
325	-65,8309
326	-66,3127
327	-66,9687
328	-67,8817
329	-68,6965
330	-69,5395
331	-70,0913
332	-70,5337
333	-70,7378
334	-70,6825
335	-70,3178
336	-69,6201
337	-68,7171
338	-67,5928
339	-66,3468
340	-65,0773
341	-63,9119
342	-62,9453
343	-62,1423
344	-61,4287
345	-61,0734
346	-60,8151
347	-60,7228
348	-60,5769
349	-60,5069
350	-60,4422
351	-60,1251
352	-59,3609
353	-58,0513
354	-55,7882
355	-52,9309
356	-49,164
357	-45,0495
358	-40,5256
359	-35,774
360	-30,9994
361	-26,4201
362	-22,2633
363	-18,5894
364	-15,695
365	-13,5177
366	-12,0994
367	-11,2175
368	-10,9193
369	-11,0887
370	-11,4105
371	-11,8005
372	-11,8694
373	-11,6717
374	-10,9622
375	-9,56914
376	-7,65248
377	-5,2452
378	-2,25727
379	1,26835
380	5,27226
381	9,57678
382	13,9225
383	18,2105
384	22,4727
385	26,3672
386	30,0964
387	33,5749
388	36,907
389	40,1102
390	43,0911
391	45,9349
392	48,6869
393	51,5319
394	54,4104
395	57,3513
396	60,2833
397	63,1889
398	66,2562
399	69,7148
400	73,7781
401	78,5015
402	83,8232
403	89,6431
404	96,0432
405	102,41
406	108,711
407	114,534
408	119,841
409	124,227
410	127,626
411	130,102
412	131,677
413	132,153
414	131,801
415	130,582
416	128,64
417	126,26
418	123,584
419	120,575
420	117,543
421	114,469
422	111,43
423	108,65
424	105,972
425	103,432
426	101,056
427	98,9005
428	96,9268
429	95,056
430	93,2258
431	91,2821
432	89,2508
433	87,0153
434	84,4191
435	81,5259
436	78,0479
437	74,2546
438	70,0595
439	65,5626
440	60,8357
441	55,8111
442	50,423
443	44,786
444	38,7966
445	32,5625
446	25,8871
447	19,1289
448	12,3365
449	5,46757
450	-1,37719
451	-8,29137
452	-15,3356
453	-22,6051
454	-30,1887
455	-37,9506
456	-46,102
457	-54,3304
458	-62,7006
459	-71,109
460	-79,4457
461	-87,6041
462	-95,416
463	-102,847
464	-109,737
465	-116,093
466	-121,903
467	-127,111
468	-131,726
469	-135,876
470	-139,495
471	-142,591
472	-144,994
473	-146,827
474	-147,889
475	-148,423
476	-148,557
477	-148,143
478	-147,684
479	-147,167
480	-146,739
481	-146,3
482	-146,148
483	-146,26
484	-146,601
485	-146,969
486	-147,297
487	-147,599
488	-148,006
489	-148,249
490	-148,494
491	-148,688
492	-148,794
493	-148,627
494	-148,343
495	-148,106
496	-147,838
497	-147,586
498	-147,252
499	-146,877
500	-146,648
501	-146,585
502	-146,64
503	-146,752
504	-146,804
505	-146,775
506	-146,707
507	-146,429
508	-146,163
509	-145,503
510	-144,482
511	-143,198
512	-141,39
513	-139,478
514	-137,455
515	-135,469
516	-133,804
517	-132,349
518	-131,221
519	-130,321
520	-129,888
521	-129,689
522	-129,907
523	-130,08
524	-130,111
525	-129,909
526	-129,409
527	-128,51
528	-127,347
529	-125,952
530	-124,135
531	-122,038
532	-119,588
533	-116,97
534	-114,194
535	-111,559
536	-109,075
537	-107,01
538	-105,179
539	-103,857
540	-103,05
541	-102,569
542	-102,42
543	-102,673
544	-103,463
545	-104,314
546	-105,235
547	-105,988
548	-106,369
549	-106,134
550	-105,296
551	-103,699
552	-101,452
553	-98,6628
554	-95,1337
555	-91,1821
556	-86,9452
557	-82,3536
558	-77,6261
559	-72,9751
560	-68,2694
561	-63,7442
562	-59,5015
563	-55,5329
564	-52,0108
565	-48,8675
566	-46,4961
567	-44,5271
568	-43,0982
569	-42,0581
570	-41,3145
571	-40,8262
572	-40,5262
573	-40,3003
574	-40,1614
575	-40,0014
576	-39,869
577	-39,7561
578	-39,7073
579	-39,5796
580	-39,3266
581	-38,9501
582	-38,4401
583	-37,8183
584	-37,2517
585	-36,4305
586	-35,6434
587	-34,855
588	-33,8844
589	-32,5966
590	-31,1282
591	-29,3098
592	-27,2879
593	-25,1612
594	-23,111
595	-21,2879
596	-19,516
597	-17,9317
598	-16,4916
599	-15,0897
600	-13,7184
601	-12,5629
602	-11,2811
603	-10,1368
604	-8,85377
605	-7,44305
606	-5,89408
607	-4,11686
608	-2,02313
609	0,28238
610	2,80909
611	5,41698
612	7,92075
613	10,4557
614	12,9253
615	15,2514
616	17,354
617	19,3401
618	20,9855
619	22,375
620	23,4163
621	24,2988
622	24,8523
623	25,1983
624	25,1812
625	25,0518
626	24,9759
627	24,8741
628	25,0047
629	25,3765
630	25,8624
631	26,5949
632	27,5585
633	28,8233
634	30,4182
635	32,2672
636	34,5109
637	37,1476
638	40,1097
639	43,5859
640	47,318
641	51,399
642	55,6705
643	60,1915
644	64,7873
645	69,2865
646	73,7822
647	77,9385
648	81,8224
649	85,3198
650	88,5154
651	91,3615
652	94,0118
653	96,3579
654	98,5381
655	100,566
656	102,331
657	103,99
658	105,548
659	106,94
660	108,099
661	109,132
662	109,979
663	110,67
664	111,123
665	111,482
666	111,834
667	112,229
668	112,65
669	113,087
670	113,504
671	114,115
672	114,776
673	115,431
674	116,193
675	116,988
676	117,951
677	119,142
678	120,721
679	122,466
680	124,508
681	126,711
682	129,165
683	131,482
684	133,54
685	135,219
686	136,628
687	137,728
688	138,755
689	139,718
690	140,798
691	141,788
692	142,762
693	143,518
694	144,142
695	144,554
696	144,896
697	145,167
698	145,363
699	145,542
700	145,396
701	145,261
702	144,998
703	144,428
704	143,858
705	143,129
706	142,355
707	141,416
708	140,199
709	138,793
710	136,839
711	134,231
712	131,141
713	127,453
714	123,1
715	118,317
716	113,184
717	107,948
718	102,467
719	97,0003
720	91,4704
721	85,894
722	80,5641
723	75,5453
724	70,8673
725	66,5304
726	62,6594
727	59,1385
728	55,9159
729	53,1421
730	50,5553
731	48,3787
732	46,3761
733	44,4736
734	42,7158
735	41,105
736	39,4825
737	37,91
738	36,5405
739	35,2604
740	34,2179
741	33,4949
742	33,0308
743	32,7778
744	32,7243
745	32,6401
746	32,5631
747	32,456
748	32,3142
749	32,1536
750	31,7671
751	31,067
752	30,3299
753	29,3398
754	28,1056
755	26,7472
756	25,2341
757	23,7181
758	22,2574
759	20,8131
760	19,4965
761	18,3311
762	17,4722
763	16,861
764	16,5669
765	16,6686
766	17,094
767	18,0252
768	19,4648
769	21,5667
770	24,4317
771	27,9915
772	32,3242
773	37,4082
774	43,2394
775	49,6229
776	56,43
777	63,5342
778	70,7643
779	78,0379
780	85,1145
781	92,0181
782	98,7322
783	105,15
784	111,359
785	117,627
786	124,356
787	131,735
788	140,411
789	150,457
790	162,332
791	176,36
792	192,659
793	211,568
794	233,054
795	257,181
796	283,475
797	311,654
798	341,146
799	371,201
800	400,942
801	429,54
802	455,825
803	478,952
804	497,932
805	511,955
806	520,287
807	522,573
808	518,611
809	508,404
810	492,088
811	470,04
812	442,791
813	411,026
814	375,402
815	336,808
816	296,085
817	254,282
818	212,416
819	171,601
820	132,605
821	96,0137
822	62,5641
823	32,3978
824	5,88467
825	-17,0469
826	-36,3822
827	-52,1773
828	-64,732
829	-74,2599
830	-80,957
831	-85,3133
832	-87,5212
833	-87,93
834	-87,0223
835	-84,858
836	-81,8512
837	-78,2891
838	-74,284
839	-70,1301
840	-65,7915
841	-61,5817
842	-57,5448
843	-53,5709
844	-49,8665
845	-46,3638
846	-43,1794
847	-40,4968
848	-38,2783
849	-36,6982
850	-35,9034
851	-35,8516
852	-36,4428
853	-37,4623
854	-38,9131
855	-40,6609
856	-42,704
857	-44,8854
858	-47,1303
859	-49,2105
860	-51,1583
861	-52,8873
862	-54,3245
863	-55,5488
864	-56,333
865	-56,8377
866	-57,0283
867	-56,9718
868	-56,6583
869	-56,1129
870	-55,3817
871	-54,4528
872	-53,2985
873	-51,9249
874	-50,4247
875	-48,8817
876	-47,2186
877	-45,6061
878	-43,9777
879	-42,3999
880	-40,8697
881	-39,4949
882	-38,1283
883	-37,0388
884	-35,9587
885	-34,9815
886	-34,245
887	-33,432
888	-32,8937
889	-32,3419
890	-31,6971
891	-30,8982
892	-29,9522
893	-29,0398
894	-28,0709
895	-26,8884
896	-25,6459
897	-24,2917
898	-22,6804
899	-20,9267
900	-18,9653
901	-16,9469
902	-14,6155
903	-12,4576
904	-10,278
905	-8,27784
906	-6,58533
907	-5,25226
908	-4,28629
909	-3,77153
910	-3,6374
911	-3,96508
912	-4,47866
913	-5,13107
914	-5,82937
915	-6,42237
916	-6,80299
917	-6,90947
918	-6,54415
919	-5,77466
920	-4,57161
921	-3,04793
922	-1,42308
923	0,240611
924	1,95077
925	3,69152
926	5,36227
927	7,06302
928	8,74788
929	10,5045
930	12,3047
931	14,1637
932	16,2674
933	18,5782
934	20,9484
935	23,4769
936	26,156
937	28,9357
938	31,7424
939	34,4838
940	37,0211
941	39,479
942	41,7139
943	43,8241
944	45,8237
945	47,6727
946	49,5
947	51,3695
948	53,035
949	54,6493
950	56,2218
951	57,9272
952	59,675
953	61,7635
954	63,9707
955	66,4168
956	69,0594
957	71,7968
958	74,5229
959	77,3955
960	80,2205
961	83,1502
962	86,3428
963	89,6308
964	93,0888
965	96,6485
966	100,258
967	103,858
968	107,335
969	110,595
970	113,751
971	116,58
972	119,146
973	121,477
974	123,658
975	125,489
976	127,048
977	128,271
978	129,218
979	129,812
980	129,989
981	129,778
982	129
983	127,835
984	126,387
985	124,71
986	122,845
987	121,034
988	119,167
989	117,417
990	115,724
991	114,078
992	112,491
993	111,021
994	109,661
995	108,374
996	107,142
997	105,956
998	104,721
999	103,36
1000	101,64
1001	99,5617
1002	97,258
1003	94,2912
1004	90,8868
1005	86,9329
1006	82,203
1007	76,8272
1008	70,8278
1009	64,236
1010	57,2224
1011	49,807
1012	41,9998
1013	34,032
1014	25,853
1015	17,6717
1016	9,31264
1017	1,17482
1018	-6,8577
1019	-14,8049
1020	-22,4833
1021	-29,8905
1022	-36,9099
1023	-43,8429
1024	-50,4289
1025	-56,7489
1026	-62,9142
1027	-68,9465
1028	-74,7494
1029	-80,4029
1030	-85,8357
1031	-91,0444
1032	-96,0467
1033	-100,72
1034	-105,295
1035	-109,764
1036	-114,035
1037	-118,373
1038	-122,527
1039	-126,577
1040	-130,361
1041	-134,037
1042	-137,402
1043	-140,497
1044	-143,306
1045	-145,957
1046	-148,446
1047	-150,87
1048	-153,163
1049	-155,283
1050	-157,357
1051	-159,197
1052	-160,88
1053	-162,367
1054	-163,911
1055	-165,158
1056	-166,403
1057	-167,68
1058	-168,825
1059	-169,88
1060	-170,936
1061	-171,8
1062	-172,526
1063	-172,987
1064	-173,12
1065	-172,96
1066	-172,579
1067	-172,193
1068	-171,764
1069	-171,214
1070	-170,696
1071	-170,313
1072	-169,94
1073	-169,734
1074	-169,622
1075	-169,62
1076	-169,597
1077	-169,376
1078	-168,968
1079	-168,305
1080	-167,46
1081	-166,132
1082	-164,464
1083	-162,393
1084	-159,913
1085	-157,181
1086	-154,322
1087	-151,306
1088	-148,319
1089	-145,285
1090	-142,382
1091	-139,808
1092	-137,379
1093	-135,398
1094	-133,623
1095	-132,097
1096	-130,824
1097	-129,717
1098	-128,76
1099	-127,908
1100	-127,279
1101	-126,658
1102	-126,165
1103	-125,901
1104	-125,617
1105	-125,405
1106	-124,932
1107	-124,344
1108	-123,502
1109	-122,336
1110	-121,166
1111	-119,739
1112	-118,522
1113	-117,41
1114	-116,461
1115	-115,45
1116	-114,414
1117	-113,424
1118	-112,349
1119	-111,323
1120	-110,322
1121	-109,293
1122	-108,277
1123	-107,242
1124	-106,254
1125	-105,298
1126	-104,37
1127	-103,261
1128	-101,935
1129	-100,285
1130	-98,4181
1131	-96,2249
1132	-93,9883
1133	-91,6345
1134	-89,3472
1135	-87,2988
1136	-85,3833
1137	-83,7691
1138	-82,3548
1139	-81,0312
1140	-80,0552
1141	-79,2551
1142	-78,5721
1143	-77,9079
1144	-77,159
1145	-76,3178
1146	-75,4242
1147	-74,5035
1148	-73,6199
1149	-72,7857
1150	-72,0721
1151	-71,4397
1152	-70,7808
1153	-70,2548
1154	-69,7842
1155	-69,3565
1156	-68,9183
1157	-68,6153
1158	-68,2258
1159	-67,8546
1160	-67,3275
1161	-66,6039
1162	-65,705
1163	-64,7367
1164	-63,7354
1165	-62,673
1166	-61,5946
1167	-60,5975
1168	-59,7256
1169	-59,0067
1170	-58,2955
1171	-57,9066
1172	-57,5819
1173	-57,4025
1174	-57,5513
1175	-57,8649
1176	-58,3696
1177	-59,0426
1178	-59,765
1179	-60,7469
1180	-61,6811
1181	-62,6265
1182	-63,5701
1183	-64,3778
1184	-65,1661
1185	-65,7838
1186	-66,1692
1187	-66,4663
1188	-66,4845
1189	-66,2521
1190	-65,9027
1191	-65,2632
1192	-64,4855
1193	-63,4442
1194	-62,2282
1195	-60,8145
1196	-59,1085
1197	-57,3283
1198	-55,3076
1199	-53,2815
1200	-51,1736
1201	-49,047
1202	-46,9391
1203	-44,8242
1204	-42,8511
1205	-40,7462
1206	-38,7701
1207	-36,9258
1208	-35,1863
1209	-33,6508
1210	-32,4166
1211	-31,5365
1212	-30,9364
1213	-30,83
1214	-30,847
1215	-30,9764
1216	-31,2147
1217	-31,4877
1218	-31,8106
1219	-32,1819
1220	-32,7684
1221	-33,4484
1222	-34,4127
1223	-35,4269
1224	-36,4664
1225	-37,4271
1226	-38,2683
1227	-38,9425
1228	-39,5984
1229	-40,0785
1230	-40,2779
1231	-40,412
1232	-40,3744
1233	-40,1608
1234	-39,9814
1235	-39,5349
1236	-39,1596
1237	-38,6389
1238	-37,9089
1239	-37,2406
1240	-36,3511
1241	-35,408
1242	-34,1738
1243	-32,7872
1244	-31,0506
1245	-29,0516
1246	-26,8484
1247	-24,4723
1248	-21,7626
1249	-19,1912
1250	-16,4615
1251	-14,1084
1252	-11,8293
1253	-9,91329
1254	-8,27549
1255	-6,92418
1256	-5,72171
1257	-4,65691
1258	-3,70976
1259	-3,11559
1260	-2,61554
1261	-2,2661
1262	-2,30316
1263	-2,59613
1264	-3,10147
1265	-3,85566
1266	-5,02812
1267	-6,33118
1268	-8,00781
1269	-10,0462
1270	-12,4318
1271	-15,1026
1272	-18,137
1273	-21,0843
1274	-24,1617
1275	-27,1178
1276	-30,0046
1277	-32,6631
1278	-35,0874
1279	-37,4153
1280	-39,5978
1281	-41,5439
1282	-43,4388
1283	-45,2095
1284	-47,075
1285	-48,9646
1286	-50,6712
1287	-52,3508
1288	-53,7939
1289	-55,0593
1290	-56,0953
1291	-56,8248
1292	-57,5213
1293	-58,006
1294	-58,3714
1295	-58,5261
1296	-58,5273
1297	-58,5061
1298	-58,1802
1299	-57,809
1300	-57,3454
1301	-56,8224
1302	-56,3218
1303	-55,747
1304	-55,3858
1305	-54,9681
1306	-54,6934
1307	-54,5222
1308	-54,5481
1309	-54,831
1310	-55,1193
1311	-55,5017
1312	-56,0047
1313	-56,4847
1314	-56,7189
1315	-56,8706
1316	-56,7977
1317	-56,4077
1318	-55,6547
1319	-54,624
1320	-53,1809
1321	-51,4484
1322	-49,227
1323	-46,6832
1324	-43,7329
1325	-40,4844
1326	-36,807
1327	-32,6978
1328	-28,1956
1329	-23,4157
1330	-18,2217
1331	-12,6465
1332	-6,68886
1333	-0,248259
1334	6,58297
1335	13,6519
1336	20,9937
1337	28,4391
1338	35,9198
1339	43,4282
1340	51,166
1341	59,1185
1342	67,7781
1343	77,0637
1344	87,3788
1345	98,7922
1346	111,482
1347	125,655
1348	141,37
1349	158,698
1350	177,664
1351	197,935
1352	219,224
1353	241,081
1354	262,892
1355	283,98
1356	303,791
1357	321,641
1358	337,001
1359	348,849
1360	356,792
1361	360,317
1362	359,057
1363	352,852
1364	341,544
1365	325,231
1366	304,256
1367	278,975
1368	250,017
1369	217,987
1370	183,674
1371	147,813
1372	111,305
1373	74,8688
1374	39,6314
1375	6,12116
1376	-24,6953
1377	-52,3449
1378	-76,4931
1379	-96,8532
1380	-113,301
1381	-126,019
1382	-135,161
1383	-141,048
1384	-143,934
1385	-144,139
1386	-142,087
1387	-138,242
1388	-132,875
1389	-126,274
1390	-119,058
1391	-111,44
1392	-103,606
1393	-95,8573
1394	-88,2824
1395	-81,1576
1396	-74,6376
1397	-68,8141
1398	-63,8166
1399	-59,8403
1400	-56,7936
1401	-54,781
1402	-53,8004
1403	-53,698
1404	-54,4787
1405	-56,0006
1406	-58,0878
1407	-60,4575
1408	-62,9206
1409	-65,1897
1410	-67,0493
1411	-68,3164
1412	-68,9853
1413	-69,043
1414	-68,3523
1415	-67,2022
1416	-65,3944
1417	-63,1612
1418	-60,6304
1419	-57,6101
1420	-54,4928
1421	-51,133
1422	-47,7104
1423	-44,2965
1424	-40,9356
1425	-37,7953
1426	-35,0992
1427	-32,8343
1428	-31,2065
1429	-30,0464
1430	-29,551
1431	-29,3928
1432	-29,8828
1433	-30,6947
1434	-31,7983
1435	-32,9525
1436	-34,1244
1437	-35,0333
1438	-35,631
1439	-35,9104
1440	-35,9251
1441	-35,4857
1442	-34,7074
1443	-33,6002
1444	-32,2066
1445	-30,757
1446	-29,1239
1447	-27,635
1448	-26,0795
1449	-24,7
1450	-23,424
1451	-21,9956
1452	-20,6014
1453	-19,253
1454	-17,964
1455	-16,6869
1456	-15,3897
1457	-14,0978
1458	-12,7965
1459	-11,4323
1460	-10,0886
1461	-8,63611
1462	-7,06714
1463	-5,36521
1464	-3,44797
1465	-1,47014
1466	0,572995
1467	3,03499
1468	5,64583
1469	8,57787
1470	11,7111
1471	14,9032
1472	18,0411
1473	20,9996
1474	23,6458
1475	25,9977
1476	27,9597
1477	29,7051
1478	30,8929
1479	31,7812
1480	32,5007
1481	32,9319
1482	33,3573
1483	33,8614
1484	34,5385
1485	35,3251
1486	36,2499
1487	37,2688
1488	38,366
1489	39,5414
1490	40,9344
1491	42,6164
1492	44,5054
1493	46,7591
1494	49,144
1495	51,8066
1496	54,8534
1497	58,0855
1498	61,4728
1499	65,0638
1500	68,7971
1501	72,4398
1502	76,2225
1503	79,9358
1504	83,5996
1505	87,2247
1506	90,9074
1507	94,7389
1508	98,8622
1509	102,904
1510	107,425
1511	112,026
1512	116,725
1513	121,47
1514	126,187
1515	130,618
1516	134,678
1517	138,298
1518	141,437
1519	143,902
1520	145,814
1521	147,552
1522	148,813
1523	149,901
1524	150,913
1525	151,824
1526	152,591
1527	153,395
1528	154,258
1529	155,185
1530	156,225
1531	157,413
1532	158,746
1533	160,099
1534	161,782
1535	163,458
1536	165,192
1537	166,888
1538	168,277
1539	169,231
1540	169,683
1541	169,55
1542	168,828
1543	167,668
1544	165,914
1545	163,807
1546	161,319
1547	158,481
1548	155,286
1549	151,77
1550	148,023
1551	144,11
1552	139,951
1553	135,566
1554	131,034
1555	126,515
1556	122,174
1557	117,902
1558	113,954
1559	110,164
1560	106,619
1561	103,101
1562	99,6141
1563	96,0279
1564	92,1416
1565	87,9906
1566	83,2855
1567	78,2668
1568	72,7557
1569	66,8716
1570	60,6304
1571	54,021
1572	47,2945
1573	40,2226
1574	32,7148
1575	24,9053
1576	16,7869
1577	8,43785
1578	-0,0694183
1579	-8,67435
1580	-17,2704
1581	-25,7401
1582	-33,8455
1583	-41,5516
1584	-48,8693
1585	-55,5964
1586	-61,6735
1587	-67,2887
1588	-72,1033
1589	-76,4119
1590	-80,237
1591	-83,5314
1592	-86,484
1593	-89,0378
1594	-91,3474
1595	-93,45
1596	-95,1807
1597	-96,7097
1598	-98,0092
1599	-99,1446
1600	-100,118
1601	-101,094
1602	-102,196
1603	-103,339
1604	-104,625
1605	-105,999
1606	-107,556
1607	-109,009
1608	-110,455
1609	-111,873
1610	-113,167
1611	-114,545
1612	-115,725
1613	-116,862
1614	-117,875
1615	-118,655
1616	-119,374
1617	-120,034
1618	-120,611
1619	-121,289
1620	-121,777
1621	-122,118
1622	-122,364
1623	-122,344
1624	-122,034
1625	-121,389
1626	-120,42
1627	-119,101
1628	-117,522
1629	-115,801
1630	-114,048
1631	-112,369
1632	-110,81
1633	-109,413
1634	-108,132
1635	-107,086
1636	-106,056
1637	-105,148
1638	-104,218
1639	-103,396
1640	-102,61
1641	-101,888
1642	-101,36
1643	-100,972
1644	-100,665
1645	-100,362
1646	-99,9482
1647	-99,5588
1648	-99,0911
1649	-98,5263
1650	-98,038
1651	-97,6515
1652	-97,4474
1653	-97,3898
1654	-97,4527
1655	-97,598
1656	-97,8369
1657	-97,9851
1658	-97,9669
1659	-98,0057
1660	-97,6468
1661	-96,9638
1662	-95,9408
1663	-94,5795
1664	-92,9264
1665	-91,0303
1666	-89,0331
1667	-86,967
1668	-85,1057
1669	-83,5473
1670	-82,1177
1671	-80,8353
1672	-79,7863
1673	-78,8733
1674	-78,0044
1675	-77,1202
1676	-76,3713
1677	-75,5224
1678	-74,5894
1679	-73,6763
1680	-72,5192
1681	-71,2826
1682	-69,8207
1683	-68,2241
1684	-66,4792
1685	-64,5649
1686	-62,4853
1687	-60,2898
1688	-58,1643
1689	-56,2365
1690	-54,5387
1691	-53,0338
1692	-51,6955
1693	-50,3983
1694	-49,2152
1695	-48,1892
1696	-47,1886
1697	-46,3091
1698	-45,5966
1699	-45,1384
1700	-44,8336
1701	-44,6124
1702	-44,5012
1703	-44,4059
1704	-44,1559
1705	-43,7918
1706	-43,3053
1707	-42,6493
1708	-42,0204
1709	-41,3351
1710	-40,7003
1711	-40,232
1712	-39,679
1713	-39,3302
1714	-39,006
1715	-38,8001
1716	-38,633
1717	-38,5948
1718	-38,4536
1719	-38,3913
1720	-38,2383
1721	-38,0906
1722	-37,9777
1723	-37,9336
1724	-37,9347
1725	-37,8553
1726	-37,6777
1727	-37,4088
1728	-36,8776
1729	-36,1216
1730	-35,2051
1731	-33,9967
1732	-32,6331
1733	-31,0906
1734	-29,5051
1735	-27,672
1736	-25,6559
1737	-23,5434
1738	-21,4114
1739	-19,2089
1740	-17,1057
1741	-15,0579
1742	-12,9224
1743	-10,7587
1744	-8,68317
1745	-6,77417
1746	-5,15401
1747	-3,76212
1748	-2,82791
1749	-2,25492
1750	-2,10314
1751	-2,25551
1752	-2,57318
1753	-2,97969
1754	-3,09676
1755	-3,01499
1756	-2,51259
1757	-1,55721
1758	-0,244729
1759	1,66957
1760	3,8633
1761	6,31648
1762	8,94202
1763	11,5805
1764	14,206
1765	16,6039
1766	18,6176
1767	20,1531
1768	21,4338
1769	22,1756
1770	22,6321
1771	22,5257
1772	22,1315
1773	21,3261
1774	20,4037
1775	19,2853
1776	18,1088
1777	16,9769
1778	15,918
1779	14,9538
1780	13,9013
1781	12,8494
1782	11,877
1783	11,0452
1784	10,5263
1785	10,391
1786	10,8798
1787	11,9364
1788	13,4877
1789	15,395
1790	17,6458
1791	19,9907
1792	22,3068
1793	24,6058
1794	26,639
1795	28,7021
1796	30,427
1797	32,1218
1798	33,6867
1799	35,2233
1800	36,6982
1801	38,1101
1802	39,4608
1803	40,7638
1804	42,0269
1805	42,967
1806	43,5035
1807	43,7065
1808	43,2976
1809	42,534
1810	41,2415
1811	39,7226
1812	37,8442
1813	35,6845
1814	33,0002
1815	30,0011
1816	26,6472
1817	22,9492
1818	19,1465
1819	15,0614
1820	11,2305
1821	7,37952
1822	3,84566
1823	0,722421
1824	-1,7737
1825	-3,91449
1826	-5,53052
1827	-6,67063
1828	-7,42423
1829	-7,91545
1830	-8,16665
1831	-8,42962
1832	-8,74023
1833	-8,9779
1834	-9,3097
1835	-9,78563
1836	-10,3574
1837	-11,2316
1838	-12,28
1839	-13,6501
1840	-15,2044
1841	-16,8981
1842	-18,6753
1843	-20,2001
1844	-21,6991
1845	-22,9704
1846	-24,2493
1847	-25,3053
1848	-26,2183
1849	-26,9567
1850	-27,5755
1851	-28,0238
1852	-28,1485
1853	-28,0373
1854	-27,5361
1855	-26,6902
1856	-25,4324
1857	-23,7917
1858	-21,7032
1859	-19,3006
1860	-16,7792
1861	-14,4502
1862	-12,2441
1863	-10,4316
1864	-8,92202
1865	-7,88192
1866	-7,31951
1867	-6,99889
1868	-6,85241
1869	-6,50473
1870	-5,73583
1871	-4,1498
1872	-1,67898
1873	1,81546
1874	6,26059
1875	11,8229
1876	18,0064
1877	24,8376
1878	32,1495
1879	39,5573
1880	47,1539
1881	54,6045
1882	62,0341
1883	69,3559
1884	76,5272
1885	83,4814
1886	90,4226
1887	97,6086
1888	105,496
1889	114,063
1890	123,894
1891	135,124
1892	147,958
1893	162,522
1894	178,583
1895	196,078
1896	214,727
1897	233,905
1898	253,076
1899	271,683
1900	289,076
1901	304,744
1902	317,868
1903	327,977
1904	334,339
1905	336,66
1906	334,39
1907	327,522
1908	315,79
1909	299,255
1910	278,24
1911	253,201
1912	224,796
1913	193,827
1914	160,817
1915	126,601
1916	92,0575
1917	58,0561
1918	25,3224
1919	-5,22402
1920	-33,0355
1921	-57,4178
1922	-78,1821
1923	-95,1384
1924	-108,187
1925	-117,436
1926	-123,16
1927	-125,708
1928	-125,68
1929	-123,468
1930	-119,362
1931	-113,884
1932	-107,34
1933	-99,9123
1934	-92,194
1935	-84,2332
1936	-76,6807
1937	-69,3495
1938	-62,7465
1939	-57,0124
1940	-52,1002
1941	-47,851
1942	-44,3283
1943	-41,4921
1944	-39,1043
1945	-37,2759
1946	-35,7557
1947	-34,5574
1948	-33,639
1949	-33,0608
1950	-32,7819
1951	-32,8137
1952	-33,179
1953	-33,7067
1954	-34,2262
1955	-34,8421
1956	-35,4904
1957	-36,2258
1958	-36,8976
1959	-37,5635
1960	-38,1836
1961	-38,7478
1962	-38,9996
1963	-38,9778
1964	-38,3883
1965	-37,3017
1966	-35,7445
1967	-33,6779
1968	-31,3182
1969	-28,625
1970	-25,6795
1971	-22,8727
1972	-19,9642
1973	-17,114
1974	-14,4331
1975	-11,927
1976	-9,60149
1977	-7,66307
1978	-6,00998
1979	-4,53337
1980	-3,37502
1981	-2,47729
1982	-1,75487
1983	-1,12599
1984	-0,754189
1985	-0,490634
1986	-0,376506
1987	-0,43004
1988	-0,600056
1989	-0,723009
1990	-0,877141
1991	-0,826548
1992	-0,681829
1993	-0,242964
1994	0,579466
1995	1,50897
1996	2,73614
1997	4,24216
1998	5,81761
1999	7,44599
2000	9,11145
2001	10,7469
2002	12,4153
2003	14,199
2004	15,9515
2005	17,6375
2006	19,3048
2007	21,2832
2008	23,2298
2009	25,2047
2010	27,1343
2011	29,081
2012	30,8294
2013	32,4389
2014	34,0873
2015	35,5422
2016	36,797
2017	38,1154
2018	39,1572
2019	40,2067
2020	41,2027
2021	42,1198
2022	43,1152
2023	44,0747
2024	44,9989
2025	45,9708
2026	47,0021
2027	48,1139
2028	49,4294
2029	51,0572
2030	52,9432
2031	54,9781
2032	57,0395
2033	58,9756
2034	60,6498
2035	62,05
2036	63,3171
2037	64,3872
2038	65,4179
2039	66,4904
2040	67,6775
2041	69,0912
2042	70,5078
2043	72,1186
2044	73,8522
2045	75,6583
2046	77,5755
2047	79,5857
2048	81,7171
2049	84,0197
2050	86,5729
2051	89,1313
2052	91,9516
2053	95,0413
2054	98,3869
2055	101,91
2056	105,671
2057	109,449
2058	113,291
2059	117,075
2060	120,647
2061	123,983
2062	127,28
2063	130,183
2064	132,973
2065	135,466
2066	137,669
2067	139,591
2068	141,151
2069	142,332
2070	143,318
2071	143,882
2072	144,287
2073	144,532
2074	144,755
2075	144,784
2076	144,849
2077	145,02
2078	145,177
2079	145,239
2080	145,46
2081	145,747
2082	146,237
2083	146,896
2084	147,652
2085	148,33
2086	148,846
2087	149,016
2088	148,779
2089	148,16
2090	146,897
2091	145,046
2092	142,726
2093	139,904
2094	136,756
2095	133,517
2096	129,928
2097	126,128
2098	122,06
2099	117,726
2100	113,037
2101	107,922
2102	102,718
2103	97,2103
2104	91,6692
2105	86,2928
2106	81,0535
2107	75,9883
2108	70,7714
2109	65,4356
2110	59,8568
2111	54,008
2112	47,8351
2113	41,5516
2114	35,0545
2115	28,3085
2116	21,4044
2117	14,4484
2118	7,31598
2119	0,0682417
2120	-7,19362
2121	-14,5355
2122	-21,7315
2123	-28,8686
2124	-35,8287
2125	-42,637
2126	-49,137
2127	-55,5029
2128	-61,5181
2129	-67,1881
2130	-72,5327
2131	-77,4738
2132	-82,2648
2133	-86,8441
2134	-91,2627
2135	-95,6072
2136	-99,6682
2137	-103,338
2138	-106,578
2139	-109,32
2140	-111,415
2141	-112,945
2142	-113,96
2143	-114,346
2144	-114,341
2145	-113,877
2146	-113,291
2147	-112,653
2148	-112,06
2149	-111,769
2150	-111,632
2151	-112,069
2152	-113,011
2153	-114,465
2154	-116,482
2155	-118,839
2156	-121,538
2157	-124,343
2158	-127,083
2159	-129,664
2160	-132,049
2161	-134,004
2162	-135,478
2163	-136,39
2164	-136,573
2165	-136,165
2166	-135,092
2167	-133,654
2168	-131,831
2169	-129,976
2170	-128,08
2171	-126,26
2172	-124,521
2173	-123,032
2174	-121,601
2175	-120,511
2176	-119,684
2177	-119,226
2178	-119,229
2179	-119,609
2180	-120,306
2181	-121,243
2182	-122,252
2183	-123,205
2184	-124,04
2185	-124,422
2186	-124,543
2187	-124,184
2188	-123,232
2189	-121,944
2190	-120,321
2191	-118,369
2192	-116,14
2193	-113,941
2194	-111,526
2195	-109,399
2196	-107,422
2197	-105,698
2198	-104,13
2199	-102,905
2200	-101,603
2201	-100,333
2202	-98,984
2203	-97,4745
2204	-95,9914
2205	-94,2659
2206	-92,5252
2207	-90,6797
2208	-88,7042
2209	-86,5081
2210	-84,1238
2211	-81,6747
2212	-79,1704
2213	-76,7678
2214	-74,6282
2215	-72,8227
2216	-71,2514
2217	-69,9366
2218	-68,7465
2219	-67,8652
2220	-67,1046
2221	-66,538
2222	-65,9691
2223	-65,7209
2224	-65,5809
2225	-65,5574
2226	-65,7691
2227	-66,1998
2228	-66,7251
2229	-67,3587
2230	-67,9199
2231	-68,3776
2232	-68,3317
2233	-67,9176
2234	-66,8992
2235	-65,5497
2236	-63,8872
2237	-61,8888
2238	-59,9492
2239	-57,9155
2240	-56,0129
2241	-54,4387
2242	-52,9632
2243	-51,6349
2244	-50,4236
2245	-49,4529
2246	-48,5287
2247	-47,5751
2248	-46,545
2249	-45,5743
2250	-44,713
2251	-44,0694
2252	-43,6623
2253	-43,36
2254	-43,0576
2255	-42,9376
2256	-42,7411
2257	-42,4022
2258	-41,8869
2259	-41,0556
2260	-39,9243
2261	-38,4301
2262	-36,7229
2263	-34,9368
2264	-33,099
2265	-31,5053
2266	-30,1564
2267	-29,2069
2268	-28,7056
2269	-28,6733
2270	-28,881
2271	-29,3539
2272	-29,9511
2273	-30,6064
2274	-31,3218
2275	-32,1036
2276	-32,8096
2277	-33,2631
2278	-33,5226
2279	-33,5596
2280	-33,4108
2281	-33,1308
2282	-32,6284
2283	-31,8901
2284	-31,0553
2285	-29,9828
2286	-28,588
2287	-26,8814
2288	-24,7694
2289	-22,2997
2290	-19,5748
2291	-16,6986
2292	-13,7954
2293	-10,9681
2294	-8,30196
2295	-5,93585
2296	-3,92684
2297	-2,18432
2298	-0,724186
2299	0,468279
2300	1,38719
2301	1,74899
2302	1,50485
2303	0,643002
2304	-0,828902
2305	-2,57789
2306	-4,5922
2307	-6,63827
2308	-8,58081
2309	-10,4057
2310	-11,9299
2311	-13,2671
2312	-14,229
2313	-14,8473
2314	-14,9861
2315	-14,7355
2316	-14,0143
2317	-12,6953
2318	-11,0828
2319	-8,99261
2320	-6,54591
2321	-3,8686
2322	-1,08657
2323	1,68898
2324	4,32041
2325	6,62239
2326	8,87731
2327	10,8898
2328	12,7847
2329	14,6026
2330	16,4433
2331	18,2305
2332	19,6701
2333	20,8602
2334	21,7609
2335	22,2697
2336	22,4568
2337	22,3733
2338	22,0703
2339	21,5756
2340	20,7043
2341	19,5454
2342	17,9282
2343	16,0703
2344	13,929
2345	11,6664
2346	9,23675
2347	6,76887
2348	4,24334
2349	1,68957
2350	-0,633001
2351	-2,97969
2352	-5,11813
2353	-7,17597
2354	-8,9226
2355	-10,3633
2356	-11,3734
2357	-12,0994
2358	-12,6282
2359	-13,1389
2360	-13,8178
2361	-14,7896
2362	-16,1415
2363	-17,6775
2364	-19,4065
2365	-21,2691
2366	-23,1004
2367	-24,8165
2368	-26,366
2369	-27,8644
2370	-29,3092
2371	-30,6205
2372	-31,74
2373	-32,7107
2374	-33,5643
2375	-34,2097
2376	-34,6603
2377	-34,8515
2378	-34,8786
2379	-34,3756
2380	-33,7355
2381	-32,7913
2382	-31,6542
2383	-30,4258
2384	-29,4422
2385	-28,5927
2386	-28,1803
2387	-28,1568
2388	-28,4239
2389	-28,9133
2390	-29,7652
2391	-30,7794
2392	-32,026
2393	-33,4814
2394	-34,7815
2395	-36,081
2396	-37,2123
2397	-37,9536
2398	-38,4595
2399	-38,5901
2400	-38,3065
2401	-37,49
2402	-36,1287
2403	-34,2926
2404	-31,8271
2405	-28,5945
2406	-24,6382
2407	-20,0484
2408	-14,7973
2409	-9,01614
2410	-2,74143
2411	3,80742
2412	10,551
2413	17,4493
2414	24,2329
2415	30,6352
2416	36,7729
2417	42,5564
2418	47,8027
2419	52,7638
2420	57,2583
2421	61,4093
2422	65,7638
2423	70,3019
2424	75,4253
2425	81,3159
2426	88,4995
2427	97,0127
2428	106,968
2429	118,574
2430	131,512
2431	145,882
2432	161,252
2433	177,26
2434	193,223
2435	208,826
2436	223,406
2437	236,334
2438	247,037
2439	255,038
2440	259,69
2441	260,678
2442	257,652
2443	250,276
2444	238,535
2445	222,632
2446	203,109
2447	180,6
2448	155,841
2449	129,765
2450	102,902
2451	75,9118
2452	49,387
2453	23,8393
2454	-0,298852
2455	-22,5951
2456	-42,7399
2457	-60,2963
2458	-75,3747
2459	-87,6171
2460	-97,1191
2461	-104,015
2462	-108,441
2463	-110,618
2464	-110,772
2465	-109,264
2466	-106,262
2467	-102,178
2468	-97,248
2469	-91,6604
2470	-85,8322
2471	-79,9128
2472	-73,8181
2473	-67,8064
2474	-61,7099
2475	-55,74
2476	-49,9547
2477	-44,3589
2478	-39,4114
2479	-35,0433
2480	-31,6459
2481	-29,2045
2482	-27,7814
2483	-27,3932
2484	-27,9885
2485	-29,4316
2486	-31,4941
2487	-33,865
2488	-36,3811
2489	-38,6448
2490	-40,7485
2491	-42,5417
2492	-43,8412
2493	-44,8407
2494	-45,3749
2495	-45,4855
2496	-45,1684
2497	-44,3118
2498	-42,704
2499	-40,2756
2500	-37,2482
2501	-33,6532
2502	-29,5957
2503	-25,3906
2504	-21,2632
2505	-17,3152
2506	-13,7154
2507	-10,5298
2508	-7,98958
2509	-5,83231
2510	-4,2657
2511	-3,10323
2512	-2,34257
2513	-2,26551
2514	-2,68202
2515	-3,70505
2516	-5,01753
2517	-6,49826
2518	-7,96369
2519	-9,36147
2520	-10,6104
2521	-11,607
2522	-12,3988
2523	-12,9777
2524	-13,3689
2525	-13,5166
2526	-13,4866
2527	-13,2965
2528	-12,7524
2529	-11,9329
2530	-10,8787
2531	-9,85916
2532	-8,64493
2533	-7,17715
2534	-5,89761
2535	-4,62926
2536	-3,69623
2537	-2,93204
2538	-2,4867
2539	-2,11961
2540	-1,83429
2541	-1,49896
2542	-1,0801
2543	-0,523579
2544	0,151191
2545	1,03421
2546	2,34316
2547	3,8533
2548	5,607
2549	7,49953
2550	9,30382
2551	11,1863
2552	13,0153
2553	14,9255
2554	16,7957
2555	18,5206
2556	19,8772
2557	20,9567
2558	21,8444
2559	22,5533
2560	23,2545
2561	23,7411
2562	24,2976
2563	24,6223
2564	24,7453
2565	24,6564
2566	24,3105
2567	23,7734
2568	23,3087
2569	22,9786
2570	22,7674
2571	23,0445
2572	23,7063
2573	25,0841
2574	27,1214
2575	30,0034
2576	33,5214
2577	37,7394
2578	42,2328
2579	47,0756
2580	51,9019
2581	56,843
2582	61,8511
2583	66,8434
2584	71,6326
2585	76,2289
2586	80,4393
2587	84,2073
2588	87,5353
2589	90,4273
2590	92,7358
2591	94,6248
2592	96,0732
2593	97,3939
2594	98,6716
2595	99,7629
2596	101,067
2597	102,428
2598	103,792
2599	105,184
2600	106,457
2601	107,555
2602	108,413
2603	109,264
2604	110,011
2605	110,754
2606	111,733
2607	112,635
2608	113,714
2609	114,714
2610	115,817
2611	116,795
2612	117,655
2613	118,418
2614	118,75
2615	118,906
2616	118,536
2617	117,964
2618	117,067
2619	115,974
2620	114,779
2621	113,74
2622	112,562
2623	111,512
2624	110,497
2625	109,554
2626	108,601
2627	107,758
2628	106,798
2629	105,666
2630	104,106
2631	102,25
2632	99,9606
2633	97,448
2634	94,6954
2635	91,6645
2636	88,3236
2637	84,6703
2638	80,687
2639	76,4354
2640	72,0444
2641	67,3828
2642	62,6759
2643	57,7737
2644	52,7626
2645	47,7527
2646	42,5646
2647	37,2217
2648	31,443
2649	25,5524
2650	19,5565
2651	13,5642
2652	7,64425
2653	1,84311
2654	-3,87389
2655	-9,45736
2656	-14,9338
2657	-20,2613
2658	-25,3283
2659	-30,0834
2660	-34,678
2661	-39,1543
2662	-43,4711
2663	-47,8551
2664	-52,2096
2665	-56,4912
2666	-60,6563
2667	-64,6784
2668	-68,607
2669	-72,5227
2670	-76,4313
2671	-80,3352
2672	-84,3438
2673	-88,3913
2674	-92,3899
2675	-96,2991
2676	-100,028
2677	-103,6
2678	-106,972
2679	-110,143
2680	-112,919
2681	-115,538
2682	-117,959
2683	-120,199
2684	-122,274
2685	-124,277
2686	-125,891
2687	-127,41
2688	-128,655
2689	-129,773
2690	-130,897
2691	-132,025
2692	-133,21
2693	-134,493
2694	-135,752
2695	-136,956
2696	-137,988
2697	-138,695
2698	-138,904
2699	-138,728
2700	-137,896
2701	-136,565
2702	-134,896
2703	-132,857
2704	-130,439
2705	-128,013
2706	-125,228
2707	-122,362
2708	-119,415
2709	-116,353
2710	-113,55
2711	-111,004
2712	-108,87
2713	-107,208
2714	-106,11
2715	-105,547
2716	-105,392
2717	-105,599
2718	-105,97
2719	-106,422
2720	-107,011
2721	-107,616
2722	-108,21
2723	-108,884
2724	-109,671
2725	-110,373
2726	-111,081
2727	-111,773
2728	-112,468
2729	-113,107
2730	-113,728
2731	-114,145
2732	-114,487
2733	-114,31
2734	-113,562
2735	-112,392
2736	-110,57
2737	-108,359
2738	-105,773
2739	-102,806
2740	-99,4229
2741	-96,0361
2742	-92,4728
2743	-89,1019
2744	-85,991
2745	-83,2178
2746	-80,6929
2747	-78,6651
2748	-77,0596
2749	-75,7418
2750	-74,9623
2751	-74,2264
2752	-73,5828
2753	-72,9039
2754	-72,3097
2755	-71,8662
2756	-71,505
2757	-71,1914
2758	-70,9861
2759	-70,7943
2760	-70,6319
2761	-70,4696
2762	-70,3266
2763	-69,9789
2764	-69,5112
2765	-68,8341
2766	-68,0429
2767	-67,0993
2768	-66,2662
2769	-65,535
2770	-64,7961
2771	-64,2072
2772	-63,3336
2773	-62,1759
2774	-60,7675
2775	-59,105
2776	-57,3683
2777	-55,5899
2778	-54,1504
2779	-52,9267
2780	-51,9667
2781	-51,1589
2782	-50,6224
2783	-50,2665
2784	-49,9488
2785	-49,5582
2786	-49,3346
2787	-48,9734
2788	-48,8317
2789	-48,6816
2790	-48,6905
2791	-48,6499
2792	-48,6005
2793	-48,3228
2794	-47,9169
2795	-47,2068
2796	-46,3638
2797	-45,3978
2798	-44,3224
2799	-43,0799
2800	-41,6198
2801	-39,9426
2802	-37,9806
2803	-35,8993
2804	-33,6979
2805	-31,4759
2806	-29,1104
2807	-27,0484
2808	-25,1918
2809	-23,7328
2810	-22,5045
2811	-21,5991
2812	-20,8255
2813	-19,9942
2814	-18,9071
2815	-17,6481
2816	-16,3792
2817	-14,9314
2818	-13,2277
2819	-11,5911
2820	-9,77268
2821	-7,84839
2822	-6,02586
2823	-4,30217
2824	-2,89968
2825	-2,02666
2826	-1,61309
2827	-1,75664
2828	-2,23903
2829	-3,3409
2830	-4,7228
2831	-6,22882
2832	-7,83074
2833	-9,45442
2834	-10,9057
2835	-12,1447
2836	-13,3007
2837	-14,3478
2838	-15,3667
2839	-16,3892
2840	-17,3157
2841	-18,2505
2842	-18,9759
2843	-19,4383
2844	-19,9242
2845	-20,2154
2846	-20,2007
2847	-19,8472
2848	-19,3348
2849	-18,6353
2850	-17,7258
2851	-16,7239
2852	-15,7991
2853	-14,8902
2854	-14,1202
2855	-13,496
2856	-13,0118
2857	-12,4312
2858	-11,7805
2859	-10,961
2860	-9,92623
2861	-8,64846
2862	-7,20127
2863	-5,67818
2864	-4,08156
2865	-2,57436
2866	-1,00362
2867	0,506518
2868	2,02548
2869	3,65623
2870	5,33109
2871	6,85829
2872	8,23489
2873	9,35617
2874	9,95623
2875	9,98565
2876	9,1738
2877	7,61307
2878	5,14696
2879	2,17373
2880	-1,40013
2881	-5,1646
2882	-9,10674
2883	-12,9206
2884	-16,4268
2885	-19,4542
2886	-22,0056
2887	-24,1387
2888	-25,946
2889	-27,5385
2890	-29,0116
2891	-30,1834
2892	-30,8647
2893	-31,0665
2894	-30,8911
2895	-30,2758
2896	-29,5593
2897	-28,8004
2898	-28,2003
2899	-27,7432
2900	-27,6997
2901	-27,9709
2902	-28,7551
2903	-29,9252
2904	-31,4818
2905	-33,5479
2906	-36,111
2907	-38,9766
2908	-42,1334
2909	-45,4413
2910	-48,6022
2911	-51,5178
2912	-54,1445
2913	-56,3947
2914	-58,1619
2915	-59,4591
2916	-59,9962
2917	-59,8574
2918	-59,095
2919	-57,7248
2920	-55,8841
2921	-53,8062
2922	-51,5472
2923	-49,0887
2924	-46,3602
2925	-43,1964
2926	-39,6514
2927	-35,9716
2928	-32,2842
2929	-28,5262
2930	-24,8317
2931	-21,3367
2932	-17,9093
2933	-14,8126
2934	-12,1158
2935	-9,84034
2936	-7,67602
2937	-5,85879
2938	-4,22746
2939	-2,45788
2940	-0,542992
2941	1,76605
2942	4,30805
2943	7,33422
2944	10,924
2945	14,9955
2946	19,4242
2947	24,1705
2948	29,3192
2949	34,5444
2950	40,0308
2951	45,8184
2952	52,1378
2953	58,965
2954	66,4568
2955	74,6741
2956	83,6614
2957	93,6941
2958	104,899
2959	117,313
2960	130,852
2961	145,132
2962	159,781
2963	174,319
2964	188,359
2965	201,283
2966	212,84
2967	222,674
2968	230,2
2969	235,159
2970	237,245
2971	236,097
2972	231,585
2973	223,617
2974	212,334
2975	197,665
2976	179,946
2977	159,439
2978	136,835
2979	112,462
2980	87,34
2981	62,0758
2982	37,673
2983	14,5708
2984	-6,72357
2985	-25,6671
2986	-42,1357
2987	-55,92
2988	-66,8981
2989	-75,2936
2990	-80,9876
2991	-84,3668
2992	-85,7057
2993	-85,4733
2994	-83,8826
2995	-81,5265
2996	-78,5368
2997	-75,3447
2998	-72,368
2999	-69,4148
3000	-66,6463
3001	-64,3096
3002	-62,2959
3003	-60,7798
3004	-59,6556
3005	-58,7679
3006	-58,016
3007	-57,3536
3008	-56,553
3009	-55,7617
3010	-54,9652
3011	-54,1686
3012	-53,3968
3013	-52,825
3014	-52,4861
3015	-52,3685
3016	-52,3614
3017	-52,462
3018	-52,6244
3019	-52,7291
3020	-52,835
3021	-52,802
3022	-52,5973
3023	-52,3108
3024	-51,7755
3025	-51,0348
3026	-49,9159
3027	-48,5346
3028	-46,6797
3029	-44,4901
3030	-42,2322
3031	-39,8061
3032	-37,2329
3033	-34,5791
3034	-31,8177
3035	-29,3033
3036	-27,0878
3037	-25,3442
3038	-24,234
3039	-23,7146
3040	-24,0605
3041	-25,1577
3042	-26,6972
3043	-28,3068
3044	-29,7475
3045	-30,7405
3046	-30,8411
3047	-30,4788
3048	-29,3716
3049	-27,8144
3050	-25,8518
3051	-23,7122
3052	-21,4432
3053	-19,2689
3054	-17,4569
3055	-16,098
3056	-15,182
3057	-14,5196
3058	-14,0749
3059	-13,8078
3060	-13,4436
3061	-12,9071
3062	-12,2
3063	-11,3028
3064	-9,96682
3065	-8,75259
3066	-7,50012
3067	-6,10705
3068	-4,75221
3069	-3,26031
3070	-1,82429
3071	-0,321795
3072	1,24835
3073	3,02911
3074	4,81045
3075	6,38707
3076	7,78544
3077	8,75553
3078	9,65973
3079	10,4016
3080	11,3081
3081	12,3065
3082	13,5019
3083	14,8714
3084	16,4139
3085	17,797
3086	19,0412
3087	20,2478
3088	21,1843
3089	21,8844
3090	22,3574
3091	22,7798
3092	23,2845
3093	23,8381
3094	24,6994
3095	25,563
3096	26,4796
3097	27,2196
3098	28,1332
3099	29,2716
3100	30,6823
3101	32,5013
3102	34,858
3103	37,583
3104	40,7391
3105	44,3342
3106	48,1951
3107	52,3367
3108	56,6118
3109	61,104
3110	65,7091
3111	70,2596
3112	74,5523
3113	78,4486
3114	81,7518
3115	84,3779
3116	86,344
3117	87,5424
3118	88,2789
3119	88,5607
3120	88,3636
3121	87,8806
3122	87,0235
3123	85,9699
3124	84,778
3125	83,6967
3126	82,866
3127	82,4842
3128	82,4419
3129	82,909
3130	84,0891
3131	85,7104
3132	88,1012
3133	91,1268
3134	94,443
3135	98,0686
3136	101,843
3137	105,661
3138	109,461
3139	113,035
3140	116,346
3141	119,463
3142	122,574
3143	125,304
3144	127,974
3145	130,116
3146	131,598
3147	132,317
3148	131,899
3149	130,325
3150	127,632
3151	124,088
3152	119,857
3153	115,479
3154	111,25
3155	107,231
3156	103,517
3157	100,119
3158	97,0568
3159	94,1842
3160	91,4733
3161	88,939
3162	86,5423
3163	84,2685
3164	82,1936
3165	80,2593
3166	78,3144
3167	76,3884
3168	74,2364
3169	71,9079
3170	69,3801
3171	66,5674
3172	63,4801
3173	60,0592
3174	56,4118
3175	52,3796
3176	48,0204
3177	43,2582
3178	38,0071
3179	32,5566
3180	26,7778
3181	21,0379
3182	15,2385
3183	9,62267
3184	4,20804
3185	-1,04951
3186	-6,02527
3187	-10,7622
3188	-15,2261
3189	-19,3712
3190	-23,3757
3191	-27,3796
3192	-31,5336
3193	-35,8457
3194	-40,3362
3195	-45,0842
3196	-49,7953
3197	-54,4075
3198	-58,7785
3199	-62,5977
3200	-65,8909
3201	-68,517
3202	-70,5349
3203	-72,1056
3204	-73,2851
3205	-74,157
3206	-75,1353
3207	-76,2519
3208	-77,9156
3209	-80,1593
3210	-83,0631
3211	-86,3893
3212	-89,9885
3213	-93,567
3214	-96,8662
3215	-99,9429
3216	-102,521
3217	-104,771
3218	-106,661
3219	-108,452
3220	-109,919
3221	-110,943
3222	-111,354
3223	-111,167
3224	-110,198
3225	-108,896
3226	-107,291
3227	-105,503
3228	-103,656
3229	-101,75
3230	-99,7612
3231	-97,7504
3232	-95,689
3233	-93,5276
3234	-91,4233
3235	-89,4314
3236	-87,8171
3237	-86,5481
3238	-85,7263
3239	-85,0798
3240	-84,7139
3241	-84,4756
3242	-84,2615
3243	-84,135
3244	-84,2073
3245	-84,6297
3246	-85,3063
3247	-86,6958
3248	-88,3618
3249	-89,9796
3250	-91,1409
3251	-91,7522
3252	-91,9057
3253	-91,5021
3254	-90,6632
3255	-89,5602
3256	-87,9612
3257	-86,0222
3258	-83,7026
3259	-81,2635
3260	-78,7074
3261	-76,106
3262	-73,6152
3263	-71,3055
3264	-69,3059
3265	-67,6017
3266	-66,3362
3267	-65,4132
3268	-64,8567
3269	-64,6125
3270	-64,4872
3271	-64,3319
3272	-64,2302
3273	-64,1237
3274	-64,0901
3275	-64,3814
3276	-64,9438
3277	-65,7244
3278	-66,6333
3279	-67,4822
3280	-68,0699
3281	-68,427
3282	-68,1258
3283	-67,351
3284	-65,9909
3285	-64,2102
3286	-62,2447
3287	-60,2274
3288	-58,3602
3289	-56,7395
3290	-55,0993
3291	-53,7868
3292	-52,6367
3293	-51,8566
3294	-51,3566
3295	-51,1395
3296	-51,1419
3297	-51,379
3298	-51,6166
3299	-51,8255
3300	-51,8743
3301	-51,669
3302	-51,2525
3303	-50,713
3304	-49,9188
3305	-48,9264
3306	-47,9233
3307	-46,6062
3308	-45,1725
3309	-43,4111
3310	-41,1233
3311	-38,4401
3312	-35,301
3313	-31,8506
3314	-28,2415
3315	-25,0065
3316	-22,1338
3317	-20,249
3318	-19,3142
3319	-19,3671
3320	-20,3913
3321	-22,1539
3322	-24,6153
3323	-27,4691
3324	-30,3834
3325	-33,1472
3326	-35,7451
3327	-37,8624
3328	-39,4772
3329	-40,3044
3330	-40,4426
3331	-40,0044
3332	-39,0407
3333	-37,7118
3334	-36,2675
3335	-34,7292
3336	-33,4255
3337	-32,2554
3338	-31,2494
3339	-30,3823
3340	-29,6975
3341	-29,0969
3342	-28,5492
3343	-28,1779
3344	-27,9768
3345	-28,0562
3346	-28,2215
3347	-28,5074
3348	-29,0533
3349	-29,7681
3350	-30,7594
3351	-32,0618
3352	-33,6343
3353	-35,2568
3354	-36,7746
3355	-37,9612
3356	-38,9207
3357	-39,4255
3358	-39,5314
3359	-39,0954
3360	-37,95
3361	-36,314
3362	-34,2738
3363	-31,8118
3364	-29,1386
3365	-26,0166
3366	-22,3768
3367	-18,3747
3368	-14,0007
3369	-9,18028
3370	-3,83036
3371	1,61309
3372	7,04949
3373	12,0411
3374	16,4415
3375	19,9789
3376	22,6686
3377	24,2393
3378	24,6747
3379	23,8505
3380	21,9232
3381	18,8941
3382	14,9155
3383	10,1845
3384	5,18284
3385	0,0235316
3386	-4,99576
3387	-9,60914
3388	-13,506
3389	-16,891
3390	-19,5701
3391	-21,8409
3392	-23,7022
3393	-25,1759
3394	-26,1001
3395	-26,616
3396	-26,2507
3397	-25,1024
3398	-23,1551
3399	-20,7472
3400	-18,1505
3401	-15,265
3402	-12,4971
3403	-9,83092
3404	-7,70014
3405	-6,29824
3406	-5,47581
3407	-5,04518
3408	-5,08518
3409	-5,2252
3410	-5,61523
3411	-5,9735
3412	-6,13999
3413	-6,00351
3414	-5,44404
3415	-4,64985
3416	-3,40679
3417	-2,18785
3418	-0,694183
3419	0,913027
3420	2,43023
3421	3,6727
3422	4,42806
3423	4,25334
3424	3,34855
3425	1,51603
3426	-0,780073
3427	-3,34796
3428	-6,14411
3429	-9,0085
3430	-11,887
3431	-14,7837
3432	-17,7793
3433	-20,6684
3434	-23,4446
3435	-26,0642
3436	-28,4986
3437	-30,7535
3438	-32,8743
3439	-34,8239
3440	-36,3493
3441	-37,5235
3442	-38,1595
3443	-38,563
3444	-38,5213
3445	-38,1918
3446	-37,7712
3447	-37,0376
3448	-36,3993
3449	-35,7134
3450	-34,6974
3451	-33,569
3452	-32,1171
3453	-30,5835
3454	-29,0533
3455	-27,6903
3456	-26,8049
3457	-26,8414
3458	-27,9979
3459	-30,3511
3460	-33,652
3461	-37,5382
3462	-41,4939
3463	-45,2119
3464	-48,1928
3465	-50,3518
3466	-51,5837
3467	-51,809
3468	-51,399
3469	-50,3789
3470	-49,0305
3471	-47,388
3472	-45,6537
3473	-43,8482
3474	-41,8351
3475	-39,5084
3476	-37,0176
3477	-34,1915
3478	-31,3953
3479	-28,6509
3480	-25,9972
3481	-23,521
3482	-20,9984
3483	-18,2982
3484	-15,2726
3485	-11,7688
3486	-7,70072
3487	-3,24442
3488	1,7984
3489	7,16597
3490	12,8318
3491	18,5912
3492	24,4146
3493	30,2087
3494	35,9028
3495	41,5727
3496	47,1586
3497	52,9144
3498	59,0603
3499	65,6256
3500	72,8104
3501	80,6823
3502	89,5002
3503	99,4929
3504	110,766
3505	123,175
3506	136,553
3507	150,594
3508	165,137
3509	179,719
3510	193,92
3511	206,991
3512	218,775
3513	228,291
3514	235,163
3515	239,223
3516	240,334
3517	238,577
3518	234,077
3519	227,01
3520	217,673
3521	206,43
3522	193,759
3523	179,962
3524	165,541
3525	150,628
3526	135,509
3527	120,177
3528	105,066
3529	90,2179
3530	76,1619
3531	62,8612
3532	50,5501
3533	39,4761
3534	29,4498
3535	20,3554
3536	11,9805
3537	4,00861
3538	-3,73329
3539	-11,3975
3540	-18,933
3541	-26,4872
3542	-34,0156
3543	-41,4504
3544	-48,4699
3545	-54,8546
3546	-60,2957
3547	-64,6726
3548	-67,6999
3549	-69,4707
3550	-70,2201
3551	-70,2031
3552	-69,776
3553	-69,0347
3554	-68,3264
3555	-67,817
3556	-67,6028
3557	-67,6805
3558	-67,8134
3559	-68,0158
3560	-67,6011
3561	-66,2868
3562	-64,2625
3563	-61,154
3564	-57,3989
3565	-53,2627
3566	-48,9999
3567	-44,813
3568	-40,6897
3569	-36,8476
3570	-33,1302
3571	-29,8163
3572	-26,8619
3573	-24,3064
3574	-22,4015
3575	-21,1649
3576	-20,5078
3577	-20,3472
3578	-20,6796
3579	-21,3497
3580	-22,4627
3581	-23,9605
3582	-25,6842
3583	-27,6873
3584	-29,8993
3585	-31,983
3586	-33,9008
3587	-35,5586
3588	-37,0005
3589	-38,2207
3590	-39,269
3591	-40,0226
3592	-40,2744
3593	-40,262
3594	-39,8479
3595	-39,1207
3596	-37,9342
3597	-36,3258
3598	-34,0832
3599	-31,4512
3600	-28,5521
3601	-25,6854
3602	-22,9439
3603	-20,2896
3604	-17,8099
3605	-15,5062
3606	-13,3048
3607	-11,0899
3608	-8,59728
3609	-5,78466
3610	-2,73379
3611	0,591232
3612	3,67388
3613	6,19823
3614	8,22725
3615	9,56972
3616	10,5075
3617	10,9451
3618	10,9275
3619	10,3586
3620	9,23675
3621	7,67131
3622	5,72348
3623	3,56622
3624	1,43955
3625	-0,593585
3626	-2,41787
3627	-3,89801
3628	-4,96047
3629	-5,73642
3630	-6,07057
3631	-6,0341
3632	-5,49993
3633	-4,63808
3634	-3,44268
3635	-2,05784
3636	-0,461808
3637	0,961855
3638	2,38846
3639	3,66682
3640	5,00518
3641	6,69828
3642	8,80671
3643	11,5387
3644	14,8337
3645	18,4917
3646	22,3221
3647	25,9577
3648	29,3957
3649	32,4942
3650	35,1557
3651	37,2935
3652	38,8695
3653	39,7914
3654	39,9449
3655	39,6708
3656	39,1278
3657	38,3336
3658	37,6071
3659	36,7964
3660	36,0599
3661	35,3704
3662	34,7909
3663	34,4185
3664	34,5568
3665	35,5304
3666	37,2888
3667	40,032
3668	43,647
3669	47,9728
3670	52,5744
3671	57,4066
3672	62,0823
3673	66,4198
3674	70,3443
3675	73,7869
3676	76,7561
3677	79,0957
3678	80,6799
3679	81,7924
3680	82,5754
3681	83,0966
3682	83,4402
3683	83,6855
3684	83,7661
3685	83,5855
3686	83,1237
3687	82,5478
3688	81,8842
3689	81,4471
3690	81,2818
3691	81,5224
3692	82,0724
3693	82,7484
3694	83,449
3695	84,3821
3696	85,3039
3697	86,4222
3698	87,7412
3699	89,1284
3700	90,5844
3701	91,6863
3702	92,2269
3703	91,8798
3704	90,6015
3705	88,5442
3706	85,8357
3707	82,7572
3708	79,248
3709	75,4053
3710	71,2032
3711	66,5657
3712	61,6076
3713	56,6036
3714	51,4901
3715	46,3567
3716	41,3774
3717	36,7923
3718	32,7137
3719	29,3622
3720	26,719
3721	24,6947
3722	23,2457
3723	22,1886
3724	21,642
3725	21,3914
3726	21,0926
3727	20,4913
3728	19,4218
3729	17,8376
3730	15,5832
3731	12,7336
3732	9,39559
3733	5,44169
3734	1,11363
3735	-3,55328
3736	-8,2143
3737	-12,773
3738	-17,0645
3739	-21,0926
3740	-24,9241
3741	-28,3427
3742	-31,5765
3743	-34,7439
3744	-37,6665
3745	-40,5185
3746	-43,3558
3747	-46,072
3748	-48,6246
3749	-50,853
3750	-52,7808
3751	-54,3357
3752	-55,6558
3753	-56,7389
3754	-57,8737
3755	-59,0338
3756	-60,1062
3757	-61,0775
3758	-61,9605
3759	-62,4406
3760	-62,9089
3761	-63,4095
3762	-64,0078
3763	-64,5814
3764	-65,2814
3765	-65,9309
3766	-66,6569
3767	-67,3393
3768	-67,9311
3769	-68,5223
3770	-68,9694
3771	-69,5818
3772	-70,1554
3773	-70,949
3774	-71,8303
3775	-72,9051
3776	-74,0164
3777	-75,1306
3778	-76,2219
3779	-77,2632
3780	-78,2815
3781	-78,9927
3782	-79,5251
3783	-79,5816
3784	-79,1063
3785	-78,3509
3786	-77,1184
3787	-75,6206
3788	-74,0429
3789	-72,3733
3790	-70,7114
3791	-69,123
3792	-67,7305
3793	-66,5104
3794	-65,6579
3795	-65,0014
3796	-64,3166
3797	-63,6983
3798	-62,9753
3799	-62,1894
3800	-60,9922
3801	-59,4485
3802	-57,6337
3803	-55,6046
3804	-53,4539
3805	-51,2413
3806	-48,9193
3807	-46,6462
3808	-44,4524
3809	-42,4928
3810	-40,885
3811	-39,7355
3812	-38,9254
3813	-38,4942
3814	-38,3083
3815	-38,2983
3816	-38,3683
3817	-38,5083
3818	-38,9684
3819	-39,6614
3820	-40,4026
3821	-41,4286
3822	-42,3534
3823	-43,36
3824	-44,3177
3825	-45,2872
3826	-46,2014
3827	-47,0774
3828	-47,8857
3829	-48,5475
3830	-48,8275
3831	-48,9034
3832	-48,5828
3833	-48,0428
3834	-47,3709
3835	-46,7726
3836	-46,1032
3837	-45,486
3838	-44,6671
3839	-43,96
3840	-43,3364
3841	-42,6911
3842	-42,2246
3843	-41,4968
3844	-40,5232
3845	-39,3478
3846	-37,8818
3847	-36,2399
3848	-34,465
3849	-32,4166
3850	-30,1517
3851	-27,6579
3852	-25,26
3853	-22,851
3854	-20,5843
3855	-18,6112
3856	-17,2552
3857	-16,5904
3858	-16,7075
3859	-17,2834
3860	-18,1141
3861	-19,0647
3862	-19,6766
3863	-19,6377
3864	-19,0183
3865	-17,704
3866	-16,1521
3867	-14,6361
3868	-13,5177
3869	-12,9377
3870	-12,6512
3871	-12,7971
3872	-13,0624
3873	-13,4254
3874	-13,8166
3875	-14,2996
3876	-14,7014
3877	-15,1244
3878	-15,4844
3879	-16,0303
3880	-16,6133
3881	-17,574
3882	-18,7688
3883	-20,1901
3884	-21,7638
3885	-23,4563
3886	-25,2583
3887	-27,2337
3888	-29,1386
3889	-30,9947
3890	-32,7213
3891	-34,235
3892	-35,0845
3893	-35,298
3894	-34,4627
3895	-32,8796
3896	-30,8523
3897	-28,5174
3898	-26,2319
3899	-24,2229
3900	-22,6668
3901	-21,8485
3902	-21,6532
3903	-22,135
3904	-22,8933
3905	-23,8764
3906	-24,9141
3907	-25,7813
3908	-26,3478
3909	-26,6378
3910	-26,6531
3911	-26,3454
3912	-26,0442
3913	-25,6448
3914	-25,3041
3915	-24,7623
3916	-24,2905
3917	-23,9487
3918	-23,8046
3919	-23,7346
3920	-23,8758
3921	-24,0417
3922	-24,1529
3923	-24,0711
3924	-23,7158
3925	-23,2304
3926	-22,4427
3927	-21,525
3928	-20,4137
3929	-19,0706
3930	-17,5822
3931	-15,7662
3932	-13,8089
3933	-11,6946
3934	-9,67797
3935	-7,62307
3936	-5,92703
3937	-4,58867
3938	-3,7933
3939	-3,81918
3940	-4,57043
3941	-6,02468
3942	-8,02605
3943	-10,5216
3944	-13,1959
3945	-16,1721
3946	-19,0594
3947	-21,8709
3948	-24,2605
3949	-26,166
3950	-27,5661
3951	-28,2485
3952	-28,0456
3953	-26,9314
3954	-24,9394
3955	-22,1574
3956	-18,7512
3957	-14,9102
3958	-11,1869
3959	-7,82132
3960	-5,19814
3961	-3,13206
3962	-1,79429
3963	-1,16599
3964	-1,25718
3965	-1,77605
3966	-2,9238
3967	-4,30923
3968	-5,77172
3969	-7,19597
3970	-8,58963
3971	-9,65738
3972	-10,4233
3973	-10,8387
3974	-10,6887
3975	-10,0921
3976	-8,81789
3977	-7,00066
3978	-4,5369
3979	-1,35483
3980	2,10314
3981	5,60112
3982	9,02438
3983	12,037
3984	14,4902
3985	16,3151
3986	17,3328
3987	17,5299
3988	16,8457
3989	15,4585
3990	13,4583
3991	10,9581
3992	8,2243
3993	5,38992
3994	2,85027
3995	0,764778
3996	-0,834784
3997	-1,90724
3998	-2,12961
3999	-1,46014
4000	-0,0358857
4001	2,0296
4002	4,60808
4003	7,34599
4004	9,98329
4005	12,2523
4006	13,8272
4007	14,7643
4008	14,852
4009	14,1649
4010	12,7877
4011	10,4616
4012	7,40423
4013	3,59563
4014	-0,668298
4015	-5,13107
4016	-9,48207
4017	-13,5413
4018	-17,0287
4019	-19,8819
4020	-22,3156
4021	-24,367
4022	-26,0136
4023	-27,3732
4024	-28,3409
4025	-28,8533
4026	-28,901
4027	-28,6068
4028	-28,005
4029	-27,5267
4030	-27,1467
4031	-27,0831
4032	-27,3508
4033	-28,1991
4034	-29,1957
4035	-30,3181
4036	-31,3641
4037	-32,0924
4038	-32,7048
4039	-32,9402
4040	-32,7866
4041	-32,4966
4042	-31,8148
4043	-30,877
4044	-29,5722
4045	-27,8979
4046	-25,9242
4047	-23,8199
4048	-21,5973
4049	-19,6024
4050	-17,9282
4051	-16,6574
4052	-15,7191
4053	-15,1555
4054	-15,0114
4055	-14,9961
4056	-15,1855
4057	-15,4126
4058	-15,5468
4059	-15,6226
4060	-15,4091
4061	-14,9855
4062	-14,2313
4063	-13,0712
4064	-11,6434
4065	-10,078
4066	-8,34549
4067	-6,57591
4068	-4,69985
4069	-2,78556
4070	-0,50593
4071	1,90253
4072	4,5969
4073	7,49541
4074	10,5651
4075	13,7054
4076	16,9769
4077	20,5949
4078	24,4046
4079	28,9851
4080	34,4091
4081	40,728
4082	48,2663
4083	57,0471
4084	66,8716
4085	77,7038
4086	89,4502
4087	101,955
4088	115,147
4089	128,786
4090	142,843
4091	157,208
4092	171,492
4093	185,372
4094	198,494
4095	210,103
4096	219,744
4097	227,108
4098	231,585
4099	233,054
4100	231,424
4101	226,799
4102	219,309
4103	209,213
4104	197,314
4105	184,124
4106	170,304
4107	156,458
4108	142,774
4109	129,706
4110	117,296
4111	105,607
4112	94,6713
4113	84,5268
4114	75,0406
4115	65,9121
4116	57,2177
4117	48,8675
4118	40,8121
4119	32,939
4120	24,7659
4121	16,4698
4122	7,7972
4123	-1,43602
4124	-11,1552
4125	-21,312
4126	-31,7253
4127	-41,9669
4128	-51,5043
4129	-60,3704
4130	-68,0041
4131	-74,0776
4132	-78,8839
4133	-82,1801
4134	-83,9491
4135	-84,4685
4136	-83,8673
4137	-82,2613
4138	-79,7999
4139	-76,7866
4140	-73,1922
4141	-69,2912
4142	-65,122
4143	-60,5816
4144	-56,0959
4145	-52,0661
4146	-48,6528
4147	-45,8196
4148	-43,9783
4149	-43,2041
4150	-43,507
4151	-44,6266
4152	-46,6426
4153	-49,1764
4154	-51,7896
4155	-54,5387
4156	-57,1707
4157	-59,4597
4158	-60,9363
4159	-61,4028
4160	-60,7304
4161	-59,0973
4162	-56,78
4163	-54,0527
4164	-51,0907
4165	-48,2234
4166	-45,7231
4167	-43,9541
4168	-42,9011
4169	-42,8223
4170	-43,427
4171	-44,4448
4172	-45,5578
4173	-46,6073
4174	-47,2739
4175	-47,7792
4176	-48,1381
4177	-48,2298
4178	-48,4022
4179	-48,2328
4180	-47,9227
4181	-47,3086
4182	-46,3673
4183	-45,1807
4184	-43,6847
4185	-42,1104
4186	-40,542
4187	-39,116
4188	-37,8218
4189	-36,9023
4190	-35,841
4191	-34,5762
4192	-32,759
4193	-30,5035
4194	-27,812
4195	-25,0235
4196	-22,5768
4197	-20,5237
4198	-19,0724
4199	-18,1699
4200	-17,6328
4201	-17,2657
4202	-16,9887
4203	-16,8928
4204	-16,8251
4205	-16,7328
4206	-16,7451
4207	-16,6786
4208	-16,6604
4209	-16,6051
4210	-16,4515
4211	-16,3386
4212	-16,3415
4213	-16,5904
4214	-16,8904
4215	-17,2746
4216	-17,4575
4217	-17,3369
4218	-17,0369
4219	-16,4615
4220	-15,5832
4221	-14,4678
4222	-13,1589
4223	-11,6864
4224	-10,2586
4225	-8,64905
4226	-7,05125
4227	-5,27108
4228	-3,32737
4229	-1,23835
4230	1,05363
4231	3,45621
4232	6,03763
4233	8,69376
4234	11,3111
4235	13,7113
4236	15,9491
4237	17,944
4238	19,7813
4239	21,4885
4240	23,2304
4241	25,0412
4242	27,2484
4243	29,8181
4244	32,5166
4245	35,2416
4246	37,8118
4247	39,9738
4248	41,7863
4249	43,2841
4250	44,6413
4251	45,9637
4252	47,3439
4253	48,7869
4254	50,2041
4255	51,3142
4256	52,2461
4257	52,6332
4258	52,5602
4259	51,7355
4260	50,5642
4261	49,0899
4262	47,9798
4263	47,4574
4264	47,9339
4265	49,5182
4266	52,0814
4267	55,6058
4268	59,728
4269	64,2355
4270	68,9277
4271	73,5057
4272	77,8261
4273	81,7871
4274	85,1186
4275	87,7694
4276	89,6861
4277	91,0874
4278	91,7516
4279	91,4945
4280	90,4309
4281	88,283
4282	85,0957
4283	80,8229
4284	75,9101
4285	70,4549
4286	65,012
4287	60,058
4288	55,9011
4289	52,5826
4290	50,33
4291	48,8881
4292	48,0616
4293	47,9169
4294	47,9386
4295	48,374
4296	48,7364
4297	48,754
4298	48,5481
4299	47,7574
4300	46,7662
4301	45,6872
4302	44,4571
4303	43,0929
4304	41,4245
4305	39,1696
4306	36,3287
4307	32,939
4308	29,0892
4309	24,8365
4310	20,2854
4311	15,3873
4312	10,4833
4313	5,65818
4314	1,3113
4315	-2,61672
4316	-5,83761
4317	-8,49903
4318	-10,8022
4319	-12,9247
4320	-14,7814
4321	-16,7269
4322	-18,8335
4323	-21,2738
4324	-23,9934
4325	-27,1443
4326	-30,5017
4327	-33,7049
4328	-36,5346
4329	-38,876
4330	-40,8386
4331	-42,5169
4332	-44,2124
4333	-45,9414
4334	-47,8298
4335	-49,78
4336	-51,8284
4337	-54,0274
4338	-56,1218
4339	-58,1919
4340	-60,3492
4341	-62,7577
4342	-65,372
4343	-68,3788
4344	-71,5214
4345	-74,5129
4346	-77,1125
4347	-79,1204
4348	-80,5835
4349	-81,4718
4350	-81,6977
4351	-81,33
4352	-80,3487
4353	-78,8321
4354	-76,8896
4355	-74,6335
4356	-72,2074
4357	-69,6518
4358	-67,3975
4359	-65,3973
4360	-63,9148
4361	-62,6641
4362	-61,4576
4363	-60,3227
4364	-59,1326
4365	-57,986
4366	-56,8295
4367	-55,6599
4368	-54,4039
4369	-52,8991
4370	-51,1778
4371	-49,3423
4372	-47,6221
4373	-46,2008
4374	-45,156
4375	-44,8089
4376	-44,9566
4377	-45,7984
4378	-47,045
4379	-48,5352
4380	-50,1424
4381	-51,5701
4382	-53,0338
4383	-54,3281
4384	-55,3029
4385	-55,8929
4386	-56,0876
4387	-56,1041
4388	-55,7088
4389	-55,124
4390	-53,9904
4391	-52,6891
4392	-51,1366
4393	-49,4035
4394	-47,5327
4395	-45,7808
4396	-44,2506
4397	-43,2564
4398	-42,7017
4399	-42,7799
4400	-43,1305
4401	-43,7047
4402	-44,4877
4403	-45,4572
4404	-46,3602
4405	-47,408
4406	-48,2557
4407	-49,0652
4408	-49,6823
4409	-50,1859
4410	-50,5183
4411	-50,6665
4412	-50,7712
4413	-50,6612
4414	-50,303
4415	-49,61
4416	-48,4757
4417	-46,988
4418	-45,0601
4419	-43,0446
4420	-41,0539
4421	-39,3455
4422	-37,933
4423	-37,0482
4424	-36,6317
4425	-36,4446
4426	-36,4758
4427	-36,7499
4428	-37,2241
4429	-37,9106
4430	-38,516
4431	-39,0384
4432	-39,2596
4433	-39,3055
4434	-38,946
4435	-38,4489
4436	-37,8136
4437	-37,4023
4438	-37,4053
4439	-37,7053
4440	-38,4548
4441	-39,3555
4442	-40,2461
4443	-40,8085
4444	-41,0133
4445	-40,3261
4446	-38,8801
4447	-36,714
4448	-34,0361
4449	-31,2512
4450	-28,3356
4451	-25,3942
4452	-22,4356
4453	-19,3389
4454	-16,2356
4455	-13,1089
4456	-10,1892
4457	-7,44776
4458	-5,06401
4459	-3,01793
4460	-1,76781
4461	-1,19717
4462	-1,4166
4463	-2,59024
4464	-4,5169
4465	-6,9383
4466	-9,63797
4467	-12,6741
4468	-15,5573
4469	-18,3505
4470	-21,0014
4471	-23,2781
4472	-25,4265
4473	-27,4661
4474	-29,5593
4475	-31,9136
4476	-34,2062
4477	-36,3311
4478	-38,0612
4479	-39,0954
4480	-39,2378
4481	-38,3977
4482	-36,4958
4483	-33,6455
4484	-30,2093
4485	-26,5084
4486	-22,3327
4487	-18,077
4488	-13,9219
4489	-10,0727
4490	-6,69651
4491	-3,68035
4492	-1,20247
4493	0,799487
4494	2,62378
4495	4,01332
4496	5,06342
4497	5,63229
4498	5,4158
4499	4,57455
4500	2,83615
4501	0,539463
4502	-2,47612
4503	-5,70936
4504	-9,22204
4505	-12,4088
4506	-15,2167
4507	-17,4534
4508	-19,1865
4509	-20,3919
4510	-20,8402
4511	-20,5919
4512	-19,5201
4513	-17,6975
4514	-15,4562
4515	-12,9712
4516	-10,5716
4517	-8,38197
4518	-6,63239
4519	-5,08871
4520	-3,63622
4521	-2,17844
4522	-0,643002
4523	0,876553
4524	2,23021
4525	3,31737
4526	4,3557
4527	5,44581
4528	6,31942
4529	6,96124
4530	7,2395
4531	7,32834
4532	7,30833
4533	7,44011
4534	7,65307
4535	7,86839
4536	8,00664
4537	7,92251
4538	7,73838
4539	7,48247
4540	7,19774
4541	7,39776
4542	7,71484
4543	8,10665
4544	8,55551
4545	8,87789
4546	9,08733
4547	9,1138
4548	8,96614
4549	8,86201
4550	8,99202
4551	9,19322
4552	9,37382
4553	9,46913
4554	9,45207
4555	9,32735
4556	9,23381
4557	9,12968
4558	8,78259
4559	8,18901
4560	7,17715
4561	5,60759
4562	3,708
4563	1,40013
4564	-1,23365
4565	-3,57798
4566	-5,39345
4567	-6,74711
4568	-7,69661
4569	-8,15077
4570	-8,20077
4571	-7,84368
4572	-7,19185
4573	-6,34766
4574	-5,25402
4575	-3,65681
4576	-1,81017
4577	0,471809
4578	2,99381
4579	5,55052
4580	8,08605
4581	10,068
4582	11,5781
4583	12,2647
4584	12,227
4585	11,4605
4586	10,3469
4587	8,84495
4588	7,04125
4589	4,94105
4590	2,94792
4591	1,33071
4592	0,450631
4593	0,536521
4594	1,7284
4595	3,58857
4596	5,85761
4597	8,29725
4598	10,6945
4599	12,9977
4600	15,1814
4601	17,1163
4602	18,64
4603	19,5148
4604	19,7901
4605	19,4954
4606	18,3964
4607	16,5604
4608	14,1919
4609	11,6329
4610	9,07556
4611	6,66063
4612	4,33511
4613	2,16726
4614	0,452396
4615	-0,759483
4616	-1,31483
4617	-1,15481
4618	-0,549463
4619	0,444748
4620	1,66486
4621	2,96557
4622	4,15157
4623	5,16343
4624	6,12352
4625	6,87359
4626	7,37481
4627	7,52894
4628	7,53012
4629	7,22892
4630	6,79123
4631	6,17235
4632	5,37051
4633	4,45807
4634	3,61505
4635	2,98028
4636	2,60966
4637	2,88262
4638	3,89095
4639	5,63582
4640	7,93545
4641	10,4651
4642	13,0453
4643	15,4762
4644	17,6364
4645	19,5595
4646	21,182
4647	22,5186
4648	23,461
4649	23,8705
4650	23,8687
4651	23,4616
4652	22,6027
4653	21,4567
4654	20,0513
4655	18,55
4656	16,8745
4657	15,1291
4658	13,4001
4659	11,7176
4660	10,2545
4661	9,23028
4662	8,69317
4663	8,99849
4664	9,86093
4665	11,2046
4666	12,6224
4667	13,7713
4668	14,6431
4669	15,185
4670	15,2244
4671	14,8049
4672	13,8695
4673	12,6883
4674	11,1928
4675	9,80622
4676	8,78906
4677	8,20783
4678	8,17665
4679	8,54433
4680	9,41265
4681	10,6098
4682	12,0329
4683	13,6795
4684	15,4203
4685	17,2204
4686	18,8965
4687	20,4384
4688	21,8262
4689	23,1334
4690	24,4605
4691	25,7871
4692	27,1049
4693	28,5374
4694	29,8128
4695	30,6864
4696	31,3559
4697	31,5947
4698	31,4253
4699	30,8005
4700	29,6604
4701	28,2232
4702	26,3942
4703	24,5382
4704	22,5904
4705	20,739
4706	18,943
4707	17,4522
4708	16,3957
4709	15,6485
4710	15,2208
4711	15,0285
4712	14,9185
4713	15,1561
4714	15,5903
4715	16,5057
4716	17,8064
4717	19,4554
4718	21,4203
4719	23,6228
4720	25,663
4721	27,4249
4722	28,7198
4723	29,4875
4724	29,8852
4725	29,6593
4726	29,0592
4727	27,9038
4728	26,5196
4729	24,7306
4730	22,8221
4731	20,8349
4732	18,9141
4733	17,2716
4734	15,8538
4735	14,9726
4736	14,6084
4737	14,9555
4738	15,7327
4739	16,8333
4740	18,1629
4741	19,7748
4742	21,4061
4743	23,1657
4744	24,7423
4745	26,196
4746	27,3755
4747	28,3927
4748	29,1374
4749	29,6463
4750	29,861
4751	29,9222
4752	29,7881
4753	29,6116
4754	29,3816
4755	29,1539
4756	28,8162
4757	28,3768
4758	28,0262
4759	27,665
4760	27,4038
4761	27,4773
4762	27,7161
4763	28,0626
4764	28,5686
4765	29,2104
4766	29,8587
4767	30,6335
4768	31,3641
4769	32,1307
4770	32,879
4771	33,5061
4772	33,9726
4773	34,325
4774	34,6203
4775	34,7703
4776	34,6462
4777	34,4468
4778	33,7802
4779	32,9337
4780	31,653
4781	30,2352
4782	28,6009
4783	26,9861
4784	25,48
4785	24,4329
4786	23,7499
4787	23,2492
4788	23,0257
4789	23,2334
4790	23,7946
4791	24,9253
4792	26,3848
4793	28,0497
4794	29,9499
4795	31,9507
4796	33,8361
4797	35,4304
4798	36,8011
4799	37,6377